-1.73933
-1.73225
0.701779
-0.812459
1.51793
3.13676
===============================
-1.84072
-1.75218
0.614477
-0.830725
1.40216
3.08065
===============================
-1.94211
-1.77212
0.527176
-0.848992
1.2864
3.02453
===============================
-2.0435
-1.79206
0.439875
-0.867258
1.17063
2.96841
===============================
-2.1449
-1.812
0.352573
-0.885525
1.05487
2.9123
===============================
-2.24629
-1.83193
0.265272
-0.903792
0.939108
2.85618
===============================
-2.34768
-1.85187
0.177971
-0.922058
0.823344
2.80007
===============================
-2.44907
-1.87181
0.0906694
-0.940325
0.707581
2.74395
===============================
-2.55047
-1.89174
0.00336807
-0.958592
0.591817
2.68783
===============================
-2.65186
-1.91168
-0.0839333
-0.976858
0.476054
2.63172
===============================
-2.75325
-1.93162
-0.171235
-0.995125
0.36029
2.5756
===============================
-2.85464
-1.95155
-0.258536
-1.01339
0.244527
2.51948
===============================
-2.95604
-1.97149
-0.345837
-1.03166
0.128763
2.46337
===============================
-3.05743
-1.99143
-0.433139
-1.04992
0.0129995
2.40725
===============================
-3.15882
-2.01136
-0.52044
-1.06819
-0.102764
2.35114
===============================
-3.26021
-2.0313
-0.607741
-1.08646
-0.218528
2.29502
===============================
-3.36161
-2.05124
-0.695043
-1.10472
-0.334291
2.2389
===============================
-3.463
-2.07118
-0.782344
-1.12299
-0.450055
2.18279
===============================

